linear seed generation
0
42949672
85899344
128849016
171798688
214748360
257698032
300647704
343597376
386547048
429496720
472446392
515396064
558345736
601295408
644245080
687194752
730144424
773094096
816043768
858993440
901943112
944892784
987842456
1030792128
1073741800
1116691472
1159641144
1202590816
1245540488
1288490160
1331439832
1374389504
1417339176
1460288848
1503238520
1546188192
1589137864
1632087536
1675037208
1717986880
1760936552
1803886224
1846835896
1889785568
1932735240
1975684912
2018634584
2061584256
2104533928
2147483600
2190433272
2233382944
2276332616
2319282288
2362231960
2405181632
2448131304
2491080976
2534030648
2576980320
2619929992
2662879664
2705829336
2748779008
2791728680
2834678352
2877628024
2920577696
2963527368
3006477040
3049426712
3092376384
3135326056
3178275728
3221225400
3264175072
3307124744
3350074416
3393024088
3435973760
3478923432
3521873104
3564822776
3607772448
3650722120
3693671792
3736621464
3779571136
3822520808
3865470480
3908420152
3951369824
3994319496
4037269168
4080218840
4123168512
4166118184
4209067856
4252017528
