random seed generation
1631205520
3213921916
2651742051
1881906828
2841671989
350359428
3113161131
284363088
757015574
1915366726
2065387828
2670634466
1217945086
2389100812
2433129646
1659953163
3802070382
2471671467
3781939909
3181898984
2344391622
3522746486
3978638753
2882029102
446525372
898132899
849422010
67484503
3614224320
3110049262
2789924310
3833706147
557585602
3991551685
2819823031
3385869590
2653552753
360341939
1895033085
295046906
3940227734
405266415
491109085
399555614
4004112682
515006020
1336050608
3235065949
3675530996
3409696561
19225356
2684210541
3324048776
1582617484
1252140130
4211668908
2158895275
1775636152
4041576022
874949326
1137180309
1395307065
2330506615
2065498964
3414370703
3246160077
4199028822
827339028
1531227291
3016246579
2913549074
519183069
53083663
3656079277
2958047527
1500510643
1876364510
1374533686
2659362559
1497845913
2826938358
2302212629
2301442932
3774807877
845594409
1836520019
2878049689
383610994
3261872178
4161033256
1290638383
2554918766
3804311049
1155484484
34878144
3015424274
564668843
2660908511
3347776964
1978814872
