noise2 seed generation
0
42915573
85927724
128859494
171761587
214768760
257718153
300610556
343608172
386575210
429462484
472446723
515430023
558317140
601285249
644282131
687174073
730124583
773131287
816032654
858965498
901977481
944892120
987808638
1030820937
1073751639
1116654473
1159662098
1202610374
1245503255
1288501590
1331467551
1374355003
1417340171
1460322520
1503209499
1546178673
1589174806
1632066306
1675017933
1718024150
1760924805
1803858729
1846870525
1889784240
1932701715
1975714141
2018643780
2061547371
2104555429
2147502588
2190395965
2233395004
2276359883
2319247532
2362233619
2405215006
2448101867
2491072101
2534067471
2576958547
2619911290
2662917002
2705816961
2748751969
2791763558
2834676361
2877594801
2920607337
2963535919
3006440281
3049448754
3092394797
3135288688
3178288415
3221252207
3264140072
3307127066
3350107482
3392994244
3435965531
3478960123
3521850794
3564804652
3607809841
3650709120
3693645217
3736656581
3779568482
3822487898
3865500523
3908428056
3951333202
3994342071
4037287000
4080181422
4123181822
4166144523
4209032623
4252020512
