noise1 seed generation
0
42983770
85870963
128838537
171835788
214727959
257677910
300684851
343586579
386518885
429530955
472446060
515362104
558374331
601305566
644208028
687215430
730164264
773056904
816054881
859021381
901908742
944893447
987876273
1030763318
1073731960
1116728470
1159620189
1202571257
1245577720
1288478729
1331412112
1374424004
1417338180
1460255175
1503267540
1546197710
1589100921
1632108765
1675056482
1717949609
1760948298
1803913718
1846801266
1889786895
1932768764
1975655682
2018625387
2061621140
2104512426
2147464611
2190470578
2233370883
2276305348
2319317043
2362230300
2405148257
2448160740
2491089850
2533993824
2577002092
2619948693
2662842325
2705841710
2748806046
2791693801
2834680342
2877661246
2920548054
2963518816
3006513798
3049404669
3092357970
3135363423
3178263040
3221198592
3264210071
3307122421
3350041349
3393053931
3435981988
3478886740
3521895413
3564840899
3607735054
3650735119
3693698366
3736586346
3779573789
3822553717
3865440436
3908412247
3951406445
3994296920
4037251335
4080256257
4123155201
4166091844
4209103088
4252014543
